samples	region	ocean	Mean_Lat	Mean_Long	Mean_Depth	Mean_Temperature	Mean_Salinity	Mean_Oxygen	Mean_Nitrates	NO2	PO4	NO2NO3	SI
ANE_004_05M	ANE	Atlantic	36.55	-6.57	10	20.5	36.6	NA	NA	NA	NA	NA	NA
ANE_004_40M	ANE	Atlantic	36.57	-6.54	38.7	16.2	36.6	NA	NA	NA	NA	NA	NA
ANE_150_05M	ANE	Atlantic	35.91	-37.26	5.5	17.6	36.3	228.4	-0.3	0.04	0.01	0.17	0.84
ANE_150_40M	ANE	Atlantic	35.75	-37.05	39.8	17.7	36.2	230.1	1.2	0.04	0	0.17	0.84
ANE_151_05M	ANE	Atlantic	36.16	-29.01	5.4	17.3	36.2	232.1	0.3	0.02	0.01	0.02	0.65
ANE_151_80M	ANE	Atlantic	36.19	-28.88	77.6	16.8	36.2	228.5	1.6	0.01	0.01	0.05	0.63
ANE_152_05M	ANE	Atlantic	43.69	-16.85	5.4	14.3	36	243.1	3	0.31	0.16	2.16	1.24
ANW_141_05M	ANW	Atlantic	9.85	-80.04	5.4	27.1	34.3	195.5	-1.7	0	0.01	0	2.93
ANW_142_05M	ANW	Atlantic	25.51	-88.38	5.4	25	36.2	194.3	-2.2	0.02	0	0.05	1.22
ANW_145_05M	ANW	Atlantic	39.23	-70.03	5.5	14.1	35.2	233.9	3.5	0.11	0.35	4.38	2.77
ANW_146_05M	ANW	Atlantic	34.68	-71.3	11.7	19.1	36.5	214.4	0.9	0.22	0.02	0.74	0.94
ANW_148_05M	ANW	Atlantic	31.7	-64.25	6.1	20.4	36.6	212.6	NA	0.09	0	0.15	0.73
ANW_149_05M	ANW	Atlantic	34.1	-49.89	5.5	18.7	36.4	220.2	-1.2	0.25	0.06	0.68	0.8
ASE_66_05M	ASE	Atlantic	-34.94	17.94	5.4	15	35.3	238.9	2.5	0.3	0.34	3.34	2.74
ASE_66_30M	ASE	Atlantic	-34.89	18.07	28.6	15	35.3	240.4	NA	0.26	0.37	3.23	2.47
ASE_67_05M	ASE	Atlantic	-32.23	17.71	5.5	12.8	34.8	249.4	0.4	0.17	1.02	7.09	13.88
ASE_68_05M	ASE	Atlantic	-31.03	4.69	5.4	16.8	35.7	231.9	NA	0.25	0.23	1.3	2.6
ASE_68_50M	ASE	Atlantic	-31.03	4.69	40.3	16.8	35.7	231.7	NA	0.29	0.23	1.08	2.44
ASE_70_05M	ASE	Atlantic	-20.44	-3.19	5.4	19.8	36.4	215.7	0.2	0.05	0.36	0.99	1.36
ASW_72_05M	ASW	Atlantic	-8.78	-17.91	5.8	25	36.4	199.1	0.3	0	0.1	0.02	0.87
ASW_72_100M	ASW	Atlantic	-8.7	-17.94	95.4	24.1	36.6	194.4	0.2	0.01	0.14	0.04	1.32
ASW_76_05M	ASW	Atlantic	-20.94	-35.2	5.5	23.3	37.1	206.2	0	0	0.06	0	0.81
ASW_78_05M	ASW	Atlantic	-30.14	-43.29	5.6	19.9	36.3	221.5	-0.4	0	0	0.02	0.48
ASW_82_05M	ASW	Atlantic	-47.18	-58.3	5.5	7.3	34	305	17.1	0.15	1.3	18.15	1.82
ASW_82_40M	ASW	Atlantic	-47.21	-58.06	41.8	7	34.1	306.2	17.1	0.14	1.42	19.07	3.08
ION_36_05M	ION	Indian	20.82	63.5	5.5	25.6	36.5	210.9	NA	0.05	0.37	0.13	1.2
ION_36_17M	ION	Indian	20.82	63.51	17.4	25.4	36.5	211.6	0.4	0.51	0.51	2.08	1.79
ION_38_05M	ION	Indian	19.04	64.49	5.5	26.2	36.6	199.9	0.9	0.01	0.32	0.06	1.18
ION_38_25M	ION	Indian	19.03	64.62	25.3	25.5	NA	154.7	1.2	0.7	0.42	1.86	1.63
ION_39_25M	ION	Indian	18.57	66.49	25.3	26.8	36.3	193	-0.6	0.02	0.26	0.09	1.28
ION_41_05M	ION	Indian	14.6	69.98	5.5	29.1	36	187.4	-1.3	0	0.14	0.09	1.47
ION_41_60M	ION	Indian	14.56	70.01	58.2	27.1	36.5	148.3	-0.2	0.07	0.34	0.49	1.38
ION_42_05M	ION	Indian	6.03	73.89	5.4	30	34.6	189.3	-1.5	0	0.08	0.03	2.21
ION_42_80M	ION	Indian	6	73.9	79	27.7	35.1	132.8	0.6	0.15	0.34	1.39	3.2
ION_45_05M	ION	Indian	0	71.64	5.5	30.5	35.1	185.2	2.6	0.02	1.94	28.64	15.14
ION_48_05M	ION	Indian	-9.39	66.42	5.4	29.8	34.2	187.3	-2.2	0.01	0.08	0.06	2.12
IOS_52_05M	IOS	Indian	-16.96	53.99	5.5	27.9	34.6	191.7	NA	0	0.12	0	2.67
IOS_52_75M	IOS	Indian	-16.96	54.01	79	24.9	34.9	192.6	0.2	0.03	0.18	0.47	3.22
IOS_56_05M	IOS	Indian	-15.34	43.29	5.5	27.3	35	193.1	NA	NA	NA	NA	NA
IOS_57_05M	IOS	Indian	-17.02	42.74	5.6	27	35.1	190.1	NA	0.02	0	0	2.81
IOS_58_66M	IOS	Indian	-17.32	42.29	67.1	25.3	35.2	185	0.8	0.03	0	0.06	2.51
IOS_62_05M	IOS	Indian	-21.38	39.56	5.4	25.1	35.3	199.9	-0.2	NA	NA	NA	NA
IOS_64_05M	IOS	Indian	-29.5	37.99	5.5	22.2	35.3	210	NA	0	0.08	0	1.77
IOS_64_65M	IOS	Indian	-29.54	37.94	63.6	22.3	35.3	207.4	-0.1	0	0.08	0.02	1.75
IOS_65_05M	IOS	Indian	-35.19	26.29	5.9	21.8	35.4	207	NA	NA	NA	NA	NA
IOS_65_30M	IOS	Indian	-35.25	26.31	28.7	21.8	NA	206.4	NA	NA	NA	NA	NA
MED_18_05M	MED	Med	35.76	14.26	5.4	21.4	37.9	207.8	NA	0.02	0.03	0.12	0.56
MED_18_60M	MED	Med	35.76	14.25	61.6	18.4	37.9	237.9	NA	0.03	0.01	0.02	0.62
MED_23_05M	MED	Med	42.21	17.71	5.5	17.6	38.2	220	NA	0.01	0.01	0.04	1.38
MED_25_05M	MED	Med	39.39	19.39	5.5	18.3	38.2	218	NA	0	0.01	0.03	1.05
MED_25_50M	MED	Med	39.41	19.38	51.7	15.2	38.5	229.5	NA	0.07	0.07	0.15	1.82
MED_30_05M	MED	Med	33.92	32.89	5.4	20.5	39.4	207.6	-0.7	0	0	0.05	0.82
MED_30_70M	MED	Med	33.93	32.77	69.1	19	39.3	218.1	0.3	0.01	0	0.02	0.67
PON_132_05M	PON	Pacific	31.52	-159	5.5	25.2	35.2	197.7	-1	0	0.01	0.01	2.43
PON_133_05M	PON	Pacific	35.41	-127.74	5.5	19.2	33.1	224.4	-0.7	0	0.29	0.02	1.91
PON_133_45M	PON	Pacific	35.42	-127.69	47.2	13.2	33.2	227.7	4.8	0.08	0.46	1.3	2.84
PON_137_05M	PON	Pacific	14.2	-116.63	5.4	26.4	33.9	195.1	3.2	0.07	0.46	2.44	2.54
PON_137_40M	PON	Pacific	14.17	-116.71	44.2	18.6	34.4	95.4	11	0.31	0.88	6.05	4.66
PON_138_05M	PON	Pacific	6.33	-102.94	5.4	26.6	33.4	196.9	-1.2	0	0.16	0	1.19
PON_138_60M	PON	Pacific	6.34	-102.98	58.1	19	34.6	77	22.1	0.83	1.11	12.9	8.07
PON_140_05M	PON	Pacific	7.41	-79.3	5.4	26.6	28.9	205.3	-3.8	0	0.08	0	0.54
PSE_100_05M	PSE	Pacific	-12.99	-95.99	5.5	25.3	35.8	200.2	4.6	0.14	0.68	6.2	1.2
PSE_100_50M	PSE	Pacific	-12.99	-95.99	57.6	20.6	35.5	216.8	1.5	0.16	0.78	5.7	1.9
PSE_102_05M	PSE	Pacific	-5.25	-85.16	5.5	24.9	34.7	206	11.7	0.32	1	12.6	5
PSE_102_40M	PSE	Pacific	-5.27	-85.23	45.7	19.6	34.9	103.9	20.3	1.2	1.86	24.4	10.5
PSE_109_05M	PSE	Pacific	1.99	-84.58	5.4	27.6	33.4	198.6	1.2	0.04	0.27	0.9	1.7
PSE_109_30M	PSE	Pacific	2.08	-84.52	29.8	26.5	34.3	203.1	3.9	0.11	0.5	4.6	3.2
PSE_110_05M	PSE	Pacific	-2.01	-84.59	5.5	23.9	35	190.8	6.7	0.31	0.75	8.2	3.9
PSE_110_50M	PSE	Pacific	-1.84	-84.63	48.7	21.8	35.1	144.6	10.9	0.41	0.93	10.7	6
PSE_111_05M	PSE	Pacific	-16.96	-100.63	5.9	22.8	36	208.9	2.6	0.04	0.5	2.68	1
PSE_111_90M	PSE	Pacific	-16.96	-100.7	89	19.9	35.7	211.5	1.4	0.2	0.44	0.93	0.9
PSE_93_05M	PSE	Pacific	-34.05	-73.08	5.3	18	34.3	244.9	-1.5	0.01	0.52	0.02	0.09
PSE_93_35M	PSE	Pacific	-33.88	-73.05	33.8	16.4	34.3	237.2	0.7	0.37	1.07	7.55	0.59
PSE_94_05M	PSE	Pacific	-32.78	-87.09	5.4	21.1	34.7	219.2	-0.4	0	0.28	0.03	0.09
PSE_96_05M	PSE	Pacific	-29.72	-101.16	5.5	23.8	35.8	204.1	-0.4	0	0.16	0.02	0.53
PSE_98_05M	PSE	Pacific	-25.83	-111.78	5.6	25.1	36.4	200.5	-1.6	0	0.2	0.05	0.38
PSE_99_05M	PSE	Pacific	-21.15	-104.79	5.4	23.8	36.1	204	-1.7	0	0.29	0.04	0.55
PSW_112_05M	PSW	Pacific	-23.28	-129.4	5.4	24.2	36.5	202.2	-0.9	0.01	0.14	0.03	0.8
PSW_122_05M	PSW	Pacific	-8.99	-139.21	5.9	26.5	35.4	186.2	4	0.12	0.57	5.46	2.19
PSW_123_05M	PSW	Pacific	-8.91	-140.28	5.5	26.6	35.4	189.8	3.9	0.14	0.53	4.9	2.22
PSW_124_05M	PSW	Pacific	-9.11	-140.58	9.9	26.5	35.4	190.7	5.1	0.16	0.63	6.18	2.52
PSW_125_05M	PSW	Pacific	-8.91	-142.56	5.5	26.8	35.4	187.3	5	0.19	0.56	3.73	1.8
PSW_128_05M	PSW	Pacific	0	-153.68	5.4	26.1	35.1	179.9	2.5	0.27	0.54	5.08	2.67
PSW_128_40M	PSW	Pacific	0	-153.68	41.7	26.1	35.1	177	4.4	0.28	0.55	5.26	2.74
RED_31_05M	RED	RedSea	27.16	34.83	5.4	25.1	40	188.8	-0.1	0.01	0.02	0.03	0.82
RED_32_05M	RED	RedSea	23.36	37.22	5.4	25.8	39.7	188.4	-0.5	0.01	0.02	0	0.87
RED_32_80M	RED	RedSea	23.38	37.29	85.5	26.1	40.2	180	1.2	0.01	0.03	0.01	0.85
RED_33_05M	RED	RedSea	21.98	38.24	5.4	27.3	38.9	182.8	0	0	0.05	0	1.15
RED_34_05M	RED	RedSea	18.4	39.88	5.4	27.6	38.6	184.1	-0.9	0.02	0.19	0.03	3.91
RED_34_60M	RED	RedSea	18.4	39.86	60.1	27.6	38.9	175.4	0.1	0.27	0.09	0.64	1.35
SOC_84_05M	SOC	Southern	-60.23	-60.65	5.9	1.8	33.7	338.3	24.4	0.27	1.72	25.3	16.55
SOC_85_05M	SOC	Southern	-62.03	-49.54	5.9	0.7	34.4	343.4	27.5	0.11	2.11	28.5	79.52
SOC_85_90M	SOC	Southern	-62.24	-49.18	87.4	-0.8	34.3	325.4	33.1	0.06	2.31	31	81.82
